Sample	0	1	2	3	4	5	6	7	8	9	10	11	12	13	14	15	16	17	18	19	20	21	22	23	24	25	26	27	28	29	30	31	32	33	34	35	36	37	38	39	40	41	42	43	44	45	46	47	48	49	50	51	52	53	54	55	56	57	58	59	60	61	62	63	64	65
SRR14417045_R1 - nextera_transposase_sequence	(1, 0.0)	(2, 0.0)	(3, 0.0)	(4, 0.0)	(5, 0.0)	(6, 0.0)	(7, 0.0)	(8, 0.0)	(9, 0.0)	(10, 0.0)	(15, 0.0)	(20, 0.0)	(25, 0.0001755032555853911)	(30, 0.0002808052089366258)	(35, 0.0010179188823952684)	(40, 0.0030186559960687274)	(45, 0.005054493760859265)	(50, 0.006423419154425314)	(55, 0.008318854314747538)	(60, 0.010705698590708856)	(65, 0.013654153284543427)	(70, 0.017058916442900012)	(75, 0.019656364625563805)	(80, 0.021130591972481093)	(85, 0.023482335597325328)	(90, 0.02586917987328665)	(95, 0.028010319591428422)	(100, 0.031766089260955796)	(105, 0.035065550465961146)	(110, 0.03692588497516629)	(115, 0.039453131855595916)	(120, 0.04194527808490848)	(125, 0.045560645149967535)	(130, 0.048438898541567944)	(135, 0.051106548026465894)	(140, 0.053703996209129676)	(145, 0.057214061320837506)	(150, 0.06058372382807701)	(155, 0.06314607135962372)	(160, 0.06518190912441427)	(165, 0.0669018410291511)	(170, 0.06869197423612208)	(175, 0.07121922111655171)	(180, 0.07286895171905439)	(185, 0.07444848101932292)	(190, 0.07634391617964513)	(195, 0.0786254585022552)	(200, 0.08076659822039697)	(205, 0.08294283858965583)	(210, 0.08483827374997807)	(215, 0.08757612453711017)	(220, 0.09175310202004247)	(225, 0.09484195931834535)	(230, 0.09989645307920461)	(235, 0.1050913494445322)	(240, 0.10547745660682005)										
SRR14417045_R1 - polya	(1, 0.007195633479001036)	(2, 0.007546639990171818)	(3, 0.0078976465013426)	(4, 0.008599659523684165)	(5, 0.00965267905719651)	(6, 0.010354692079538076)	(7, 0.010881201846294248)	(8, 0.012285227890977378)	(9, 0.013338247424489724)	(10, 0.025939381175520804)	(15, 0.05433580792923709)	(20, 0.08287263728742168)	(25, 0.11432282068832378)	(30, 0.14310535460432788)	(35, 0.17371312237842013)	(40, 0.19895049053159936)	(45, 0.21990557924849505)	(50, 0.26669474718756037)	(55, 0.3571491251162709)	(60, 0.4809842222573229)	(65, 0.5138735323540251)	(70, 0.5318450657259692)	(75, 0.5486933782621668)	(80, 0.5622773302444761)	(85, 0.5755804770178486)	(90, 0.5875848996998895)	(95, 0.5989926113129398)	(100, 0.6092069007880097)	(105, 0.6195264922164305)	(110, 0.6319521227118763)	(115, 0.6450797662296635)	(120, 0.6580670071429825)	(125, 0.6721423682409309)	(130, 0.6874813527790941)	(135, 0.7046806718264624)	(140, 0.7237403253830359)	(145, 0.7423436704750873)	(150, 0.7594727882202216)	(155, 0.7786026430790292)	(160, 0.7965741764509732)	(165, 0.8147914143807368)	(170, 0.8345530809596517)	(175, 0.8499622668000493)	(180, 0.8653012513382123)	(185, 0.8793766124361607)	(190, 0.8951719054388458)	(195, 0.9107916951859456)	(200, 0.925288264097299)	(205, 0.939714631706418)	(210, 0.9532634830376103)	(215, 0.9656891135330561)	(220, 0.9760789062637112)	(225, 0.9882939328524545)	(230, 0.9971041962828411)	(235, 1.002860703066042)	(240, 1.0063356675266326)										
SRR14417045_R2 - nextera_transposase_sequence	(1, 0.0)	(2, 0.0)	(3, 0.0)	(4, 0.0)	(5, 0.0)	(6, 0.0)	(7, 0.0)	(8, 0.0)	(9, 0.0)	(10, 0.0)	(15, 0.00010530195335123465)	(20, 0.0001755032555853911)	(25, 0.0001755032555853911)	(30, 0.000315905860053704)	(35, 0.0008775162779269556)	(40, 0.0024921462293125535)	(45, 0.005054493760859264)	(50, 0.00747643868793766)	(55, 0.00986328296389898)	(60, 0.013127643517787255)	(65, 0.017269520349602486)	(70, 0.020428578950139525)	(75, 0.023903543410730272)	(80, 0.02801031959142842)	(85, 0.032362800329946116)	(90, 0.03622387195282473)	(95, 0.03934782990224468)	(100, 0.043630109338528233)	(105, 0.04780708682146054)	(110, 0.0523701714666807)	(115, 0.05675775285631548)	(120, 0.06181224661717475)	(125, 0.066410431913512)	(130, 0.07195633479001035)	(135, 0.07725653310868916)	(140, 0.08192491970726055)	(145, 0.08659330630583198)	(150, 0.09227961178679864)	(155, 0.09894873549904351)	(160, 0.10554765790905421)	(165, 0.1110584601344355)	(170, 0.11642885975534847)	(175, 0.1220098632829639)	(180, 0.12573053230137418)	(185, 0.1308552273644676)	(190, 0.13664683479878553)	(195, 0.14275434809315715)	(200, 0.1503711893855631)	(205, 0.15668930658663718)	(210, 0.16595587848154583)	(215, 0.17796030116358658)	(220, 0.1911932466347251)	(225, 0.20449639340809772)	(230, 0.21906316362168518)	(235, 0.23054107653696976)	(240, 0.23236631039505784)										
SRR14417045_R2 - polya	(1, 0.02193790694817389)	(2, 0.022639919970515454)	(3, 0.023517436248442408)	(4, 0.02527246880429632)	(5, 0.02825602414924797)	(6, 0.029309043682760317)	(7, 0.03141508274978501)	(8, 0.032468102283297356)	(9, 0.034223134839151265)	(10, 0.04956211937731445)	(15, 0.09077028378876428)	(20, 0.12895979220414538)	(25, 0.17708278488565962)	(30, 0.21878235841274854)	(35, 0.2625879710068622)	(40, 0.2983204338440478)	(45, 0.334754909703575)	(50, 0.366626300917882)	(55, 0.3969181628319206)	(60, 0.42721002474595904)	(65, 0.45623826321978267)	(70, 0.483265764579933)	(75, 0.5022552168342723)	(80, 0.5221923866687727)	(85, 0.5424454623633268)	(90, 0.5621369276400077)	(95, 0.57796732129381)	(100, 0.5903227504870215)	(105, 0.6056968356763017)	(110, 0.6225802488636163)	(115, 0.6418505063268924)	(120, 0.6589796240720265)	(125, 0.6751610242369996)	(130, 0.6903245055195775)	(135, 0.7075589252180629)	(140, 0.7256708611944751)	(145, 0.7444848101932291)	(150, 0.7642113761210271)	(155, 0.7822882114463223)	(160, 0.8019445760718862)	(165, 0.817564365818986)	(170, 0.8357114024465154)	(175, 0.851260990891381)	(180, 0.8681093034275784)	(185, 0.8870285543796838)	(190, 0.9041225714737008)	(195, 0.9233928289369768)	(200, 0.9398199336597693)	(205, 0.9562119377314449)	(210, 0.9725688411520034)	(215, 0.9859070885764931)	(220, 0.9978413099562997)	(225, 1.0105828463117992)	(230, 1.0228329735516595)	(235, 1.0331525649800803)	(240, 1.0381017567875883)										
SRR40076170_R1 - nextera_transposase_sequence	(1, 0.0)	(2, 0.0)	(3, 0.0)	(4, 0.0)	(5, 0.0)	(6, 0.0)	(7, 0.0)	(8, 0.0)	(9, 0.0)	(10, 0.0)	(15, 0.0)	(20, 0.0)	(25, 0.0)	(30, 0.0018500884233437626)	(35, 0.003482519385117671)	(40, 0.004026663039042307)	(45, 0.004353149231397089)	(50, 0.0047884641545367975)	(55, 0.00587675146238607)	(60, 0.00663855257788056)	(65, 0.009576928309073595)	(70, 0.01327710515576112)	(75, 0.018174398041082847)	(80, 0.02230988981091008)	(85, 0.02731601142701673)	(90, 0.03014555842742484)	(95, 0.031560331927628894)	(100, 0.034281050197252076)	(105, 0.03689293973609033)	(110, 0.04189906135219698)	(115, 0.04549040946809958)	(120, 0.047231669160658414)	(125, 0.04973472996871174)	(130, 0.05136716093048564)	(135, 0.05310842062304448)	(140, 0.055502652700312884)	(145, 0.05582913889266766)	(150, 0.05680859746973201)	(155, 0.0575703985852265)	(160, 0.05887634335464562)	(165, 0.06029111685484968)	(170, 0.06094408923955924)	(175, 0.06148823289348389)	(180, 0.06148823289348389)	(185, 0.06192354781662359)	(190, 0.06366480750918242)	(195, 0.06562372466331112)	(200, 0.06845327166371923)	(205, 0.08085974697320093)	(210, 0.12297646578696778)	(215, 0.2247313290708747)	(220, 0.36196435859066795)	(225, 0.45544823833492043)	(230, 0.5021357638416541)	(235, 0.5160658413821249)	(240, 0.5192218745748878)	(245, 0.5211807917290164)	(250, 0.5215072779213713)	(255, 0.5218337641137261)	(260, 0.5218337641137261)	(265, 0.5218337641137261)	(270, 0.5218337641137261)	(275, 0.5218337641137261)	(280, 0.5218337641137261)	(285, 0.5218337641137261)	(290, 0.5218337641137261)
SRR40076170_R1 - polya	(1, 0.0)	(2, 0.0)	(3, 0.0)	(4, 0.0)	(5, 0.0)	(6, 0.0)	(7, 0.0)	(8, 0.0)	(9, 0.0)	(10, 0.0)	(15, 0.0)	(20, 0.0)	(25, 0.0)	(30, 0.0)	(35, 0.0005441436539246361)	(40, 0.0005441436539246361)	(45, 0.0005441436539246361)	(50, 0.0005441436539246361)	(55, 0.0005441436539246361)	(60, 0.0005441436539246361)	(65, 0.0005441436539246361)	(70, 0.0005441436539246361)	(75, 0.0005441436539246361)	(80, 0.0005441436539246361)	(85, 0.0005441436539246361)	(90, 0.0005441436539246361)	(95, 0.0005441436539246361)	(100, 0.0005441436539246361)	(105, 0.0005441436539246361)	(110, 0.0005441436539246361)	(115, 0.0005441436539246361)	(120, 0.0005441436539246361)	(125, 0.0005441436539246361)	(130, 0.0005441436539246361)	(135, 0.0005441436539246361)	(140, 0.0005441436539246361)	(145, 0.0005441436539246361)	(150, 0.0005441436539246361)	(155, 0.0005441436539246361)	(160, 0.0005441436539246361)	(165, 0.0005441436539246361)	(170, 0.0005441436539246361)	(175, 0.0005441436539246361)	(180, 0.0005441436539246361)	(185, 0.0005441436539246361)	(190, 0.0005441436539246361)	(195, 0.000979458577064345)	(200, 0.0013059447694191268)	(205, 0.0016324309617739084)	(210, 0.0016324309617739084)	(215, 0.00195891715412869)	(220, 0.0033736906543327437)	(225, 0.010447558155353014)	(230, 0.06692966943273024)	(235, 0.3176710651612026)	(240, 0.7183784519113046)	(245, 1.2088695415589714)	(250, 1.6891307305128553)	(255, 2.066331111413413)	(260, 2.4070738675010204)	(265, 2.6283226771867776)	(270, 2.7831859610937286)	(275, 2.861869133451231)	(280, 2.902135763841654)	(285, 2.9234661950754997)	(290, 2.9285811454223913)
SRR40076170_R1 - polyg	(1, 0.0)	(2, 0.0)	(3, 0.0)	(4, 0.0)	(5, 0.0)	(6, 0.0)	(7, 0.0)	(8, 0.0)	(9, 0.0)	(10, 0.0)	(15, 0.0)	(20, 0.0)	(25, 0.0)	(30, 0.0)	(35, 0.0)	(40, 0.0)	(45, 0.0)	(50, 0.0)	(55, 0.0)	(60, 0.0)	(65, 0.00021765746156985445)	(70, 0.004135491769827235)	(75, 0.004353149231397089)	(80, 0.004353149231397089)	(85, 0.004353149231397089)	(90, 0.004353149231397089)	(95, 0.004353149231397089)	(100, 0.005332607808461435)	(105, 0.00783566861651476)	(110, 0.011318188001632432)	(115, 0.012188817847911848)	(120, 0.012515304040266632)	(125, 0.013385933886546048)	(130, 0.015127193579104886)	(135, 0.017630254387158213)	(140, 0.02568358046524282)	(145, 0.03253979050469324)	(150, 0.0379812270439396)	(155, 0.04723166916065841)	(160, 0.057788056046796356)	(165, 0.06605903958645083)	(170, 0.07422119439532035)	(175, 0.08499523874302817)	(180, 0.09751054278329478)	(185, 0.11144062032376548)	(190, 0.12460889674874165)	(195, 0.13375051013467557)	(200, 0.1411508638280506)	(205, 0.14746293021357637)	(210, 0.15442796898381173)	(215, 0.1640048972928853)	(220, 0.16726975921643314)	(225, 0.17042579240919603)	(230, 0.1743436267174534)	(235, 0.1778261461025711)	(240, 0.1810910080261189)	(245, 0.1827234389878928)	(250, 0.1838117262957421)	(255, 0.18392055502652702)	(260, 0.1846823561420215)	(265, 0.18566181471908585)	(270, 0.18642361583458034)	(275, 0.18729424568085976)	(280, 0.18772956060399945)	(285, 0.18827370425792408)	(290, 0.18827370425792408)
SRR40076170_R2 - nextera_transposase_sequence	(1, 0.0)	(2, 0.0)	(3, 0.0)	(4, 0.0)	(5, 0.0)	(6, 0.0)	(7, 0.0)	(8, 0.0)	(9, 0.0)	(10, 0.0)	(15, 0.0)	(20, 0.0)	(25, 0.00021765746156985445)	(30, 0.002176574615698544)	(35, 0.008379812270439397)	(40, 0.01327710515576112)	(45, 0.021003945041490956)	(50, 0.028513127465650927)	(55, 0.03711059719766018)	(60, 0.04461977962182016)	(65, 0.05321724935382941)	(70, 0.0647530948170317)	(75, 0.07498299551081485)	(80, 0.08238334920418991)	(85, 0.0935927084750374)	(90, 0.1051285539382397)	(95, 0.11427016732417358)	(100, 0.12079989117126921)	(105, 0.12896204598013877)	(110, 0.13592708475037413)	(115, 0.1403890627125561)	(120, 0.14376275336688887)	(125, 0.15214256563732825)	(130, 0.15693102979186505)	(135, 0.16052237790776766)	(140, 0.16367841110053055)	(145, 0.1682492177934975)	(150, 0.17401714052509862)	(155, 0.17684668752550672)	(160, 0.18196163787239833)	(165, 0.18533532852673107)	(170, 0.18664127329615018)	(175, 0.18696775948850497)	(180, 0.18957964902734323)	(185, 0.1923003672969664)	(190, 0.19415045572031014)	(195, 0.19643585906679362)	(200, 0.1979594612977826)	(205, 0.1995918922595565)	(210, 0.2026390967215345)	(215, 0.22440484287851992)	(220, 0.304938103659366)	(225, 0.41387566317507823)	(230, 0.4957148687253435)	(235, 0.521942592844511)	(240, 0.5302135763841654)	(245, 0.5335872670384981)	(250, 0.535219698000272)	(255, 0.5356550129234118)	(260, 0.5361991565773364)	(265, 0.5365256427696912)	(270, 0.5365256427696912)	(275, 0.5365256427696912)	(280, 0.5370697864236158)	(285, 0.5370697864236158)	(290, 0.5370697864236158)
SRR40076170_R2 - polya	(1, 0.0005441436539246361)	(2, 0.0010882873078492722)	(3, 0.0010882873078492722)	(4, 0.0016324309617739084)	(5, 0.0021765746156985444)	(6, 0.0021765746156985444)	(7, 0.0021765746156985444)	(8, 0.0027207182696231806)	(9, 0.0027207182696231806)	(10, 0.0038090055774724525)	(15, 0.005985580193170997)	(20, 0.0065297238470956335)	(25, 0.0065297238470956335)	(30, 0.00707386750102027)	(35, 0.007618011154944905)	(40, 0.007618011154944905)	(45, 0.007726839885729833)	(50, 0.008162154808869542)	(55, 0.008706298462794177)	(60, 0.00892395592436403)	(65, 0.009250442116718815)	(70, 0.00946809957828867)	(75, 0.010447558155353013)	(80, 0.010882873078492722)	(85, 0.011318188001632432)	(90, 0.011753502924772138)	(95, 0.012950618963406341)	(100, 0.013603591348115904)	(105, 0.014691878655965173)	(110, 0.015780165963814447)	(115, 0.015780165963814447)	(120, 0.015780165963814447)	(125, 0.016868453271663718)	(130, 0.016868453271663718)	(135, 0.016868453271663718)	(140, 0.01763025438715821)	(145, 0.01850088423343763)	(150, 0.01850088423343763)	(155, 0.01850088423343763)	(160, 0.01850088423343763)	(165, 0.01850088423343763)	(170, 0.01850088423343763)	(175, 0.01850088423343763)	(180, 0.01850088423343763)	(185, 0.01850088423343763)	(190, 0.018718541695007484)	(195, 0.0195891715412869)	(200, 0.0195891715412869)	(205, 0.0195891715412869)	(210, 0.019915657733641682)	(215, 0.02067745884913617)	(220, 0.020895116310706025)	(225, 0.02230988981091008)	(230, 0.031233845735274112)	(235, 0.10425792409196029)	(240, 0.3462930213576384)	(245, 0.6663583185961094)	(250, 0.9526867092912529)	(255, 1.2095225139436812)	(260, 1.480614882328935)	(265, 1.713617194939464)	(270, 1.9231125017004487)	(275, 2.0836348796082165)	(280, 2.19039586450823)	(285, 2.2765882192898923)	(290, 2.331655557067066)
SRR40076170_R2 - polyg	(1, 0.13222690790368657)	(2, 0.14583049925180247)	(3, 0.1806556931029792)	(4, 0.22364304176302544)	(5, 0.273704257924092)	(6, 0.32648619235478166)	(7, 0.3411780710107468)	(8, 0.3613113862059584)	(9, 0.37817983947762207)	(10, 0.4405387022173854)	(15, 0.5131274656509317)	(20, 0.5602503060808053)	(25, 0.5889810910080262)	(30, 0.608679091280098)	(35, 0.625003400897837)	(40, 0.6352333015916202)	(45, 0.6428513127465652)	(50, 0.6493810365936608)	(55, 0.6510134675554347)	(60, 0.6522105835940688)	(65, 0.6534076996327031)	(70, 0.6552577880560467)	(75, 0.6562372466331111)	(80, 0.6569990477486056)	(85, 0.6573255339409604)	(90, 0.6573255339409604)	(95, 0.6573255339409604)	(100, 0.6580873350564549)	(105, 0.6672289484423887)	(110, 0.6888858658685894)	(115, 0.713154672833628)	(120, 0.7481975241463745)	(125, 0.7796490273432186)	(130, 0.8136035913481159)	(135, 0.8442932934294654)	(140, 0.8796626309345668)	(145, 0.927111957556795)	(150, 0.9668344442932935)	(155, 0.998938919874847)	(160, 1.0258196163787239)	(165, 1.057379948306353)	(170, 1.0844783022717999)	(175, 1.110923683852537)	(180, 1.1313834852401032)	(185, 1.1535845463202286)	(190, 1.170888314515032)	(195, 1.1896068562100397)	(200, 1.211372602367025)	(205, 1.2301999727928172)	(210, 1.2446741939872128)	(215, 1.265133995374779)	(220, 1.2840701945313564)	(225, 1.2976737858794725)	(230, 1.3071418854577608)	(235, 1.3154128689974152)	(240, 1.324554482383349)	(245, 1.3302135763841654)	(250, 1.3343490681539927)	(255, 1.3382669024622502)	(260, 1.3410964494626583)	(265, 1.3438171677322814)	(270, 1.3481703169636783)	(275, 1.3501292341178073)	(280, 1.3537205822337097)	(285, 1.3549176982723439)	(290, 1.3549176982723439)
SRR9617592_R1 - illumina_universal_adapter	(1, 0.1229250376310076)	(2, 0.12555351313273977)	(3, 0.13046000073597314)	(4, 0.14920979264832926)	(5, 0.15104972549954176)	(6, 0.1578837618040454)	(7, 0.15954846295514244)	(8, 0.16541872490901094)	(9, 0.17085090761259075)	(10, 0.20926169627790348)	(15, 0.27970483972432547)	(20, 0.3479050174092694)	(25, 0.4063272662277697)	(30, 0.44959197298628106)	(35, 0.4805729375666976)	(40, 0.5057011633632571)	(45, 0.526939245417253)	(50, 0.5447778324890086)	(55, 0.5639306573116303)	(60, 0.5854140637457877)	(65, 0.6040061471280401)	(70, 0.6253493682021052)	(75, 0.6565756571626833)	(80, 0.7055003478349248)	(85, 0.790119735820689)	(90, 0.9527347535278523)	(95, 1.2640513919530099)	(100, 1.8072346159709678)	(105, 2.7049466156625597)	(110, 4.055334666262466)	(115, 5.9919778927687135)	(120, 8.366262290313369)	(125, 11.171634193312107)	(130, 14.485843907106172)	(135, 18.082597214166434)	(140, 21.656149844131402)	(145, 25.17920069812309)	(150, 28.609256088863496)	(155, 31.85752611390411)	(160, 34.974389887028124)	(165, 37.91649508562698)	(170, 40.72903396516044)	(175, 43.25610288203577)	(180, 45.55346056322973)	(185, 47.66913801774396)	(190, 49.626441061693825)	(195, 51.49080121190243)	(200, 53.23123750378939)	(205, 54.87072281323981)	(210, 56.40228291858911)	(215, 57.83795623763522)	(220, 59.225651117189706)	(225, 60.55713166734715)	(230, 61.774886844129654)	(235, 62.94631075940163)	(240, 63.62040958657585)										
SRR9617592_R1 - polya	(1, 0.09874306301507167)	(2, 0.1091693491719426)	(3, 0.1118854405237325)	(4, 0.11530245867598432)	(5, 0.11828139757794744)	(6, 0.12055940967944866)	(7, 0.12397642783170047)	(8, 0.14132436614313276)	(9, 0.15867230445456504)	(10, 0.19187871162644804)	(15, 0.22704771383962444)	(20, 0.3619060302484961)	(25, 0.4186635779158993)	(30, 0.45604049955053066)	(35, 0.4938555004354508)	(40, 0.5320384878906134)	(45, 0.5747249300387438)	(50, 0.6217746415197495)	(55, 0.6693500481011017)	(60, 0.8027188950589916)	(65, 1.2050158321841056)	(70, 1.2809612510141535)	(75, 1.3584487088052177)	(80, 1.439843833508857)	(85, 1.5167355035195287)	(90, 1.5856015616649115)	(95, 1.6389946606900974)	(100, 1.687130808711819)	(105, 1.7357400823238525)	(110, 1.7844895412959787)	(115, 1.8280871882847094)	(120, 1.8731042120443757)	(125, 1.9152299127521364)	(130, 1.9575308451600129)	(135, 1.9983948776269422)	(140, 2.0457074366581214)	(145, 2.105408876887464)	(150, 2.196827254837709)	(155, 2.35024260828881)	(160, 2.611705828031114)	(165, 3.034645059429831)	(170, 3.7177157496499746)	(175, 4.746606200048014)	(180, 6.210421730132668)	(185, 8.016412201032816)	(190, 10.189740884885039)	(195, 12.665957562386867)	(200, 15.274579312495948)	(205, 17.836817231584465)	(210, 20.363710916759686)	(215, 22.768941232544734)	(220, 25.03503757843809)	(225, 27.176929695289594)	(230, 29.134180169729422)	(235, 30.98552060461946)	(240, 32.06275748107936)										
SRR9617592_R1 - polyg	(1, 0.0001752317001154777)	(2, 0.0008761585005773885)	(3, 0.0010513902006928661)	(4, 0.0014018536009238216)	(5, 0.0014894694509815605)	(6, 0.0015770853010392992)	(7, 0.001664701151097038)	(8, 0.001664701151097038)	(9, 0.0019275487012702546)	(10, 0.00259342916170907)	(15, 0.004047852272667535)	(20, 0.005484752213614452)	(25, 0.006816513134492082)	(30, 0.007973042355254235)	(35, 0.008849200855831622)	(40, 0.01014591543668616)	(45, 0.011267398317425216)	(50, 0.013142377508660827)	(55, 0.014807078659757866)	(60, 0.016962428571178242)	(65, 0.0223770881047465)	(70, 0.0310335340904511)	(75, 0.044368666469238954)	(80, 0.05190362957420449)	(85, 0.061523849910544215)	(90, 0.07393025427872003)	(95, 0.08502242089602977)	(100, 0.09443236319223093)	(105, 0.10400001401853601)	(110, 0.11216581124391727)	(115, 0.11787836466768184)	(120, 0.12397642783170046)	(125, 0.12991678246561517)	(130, 0.1367157724300957)	(135, 0.142515941703918)	(140, 0.14766775368731305)	(145, 0.15283708884071964)	(150, 0.1576209142538722)	(155, 0.16263254087717485)	(160, 0.16795958456068538)	(165, 0.17095604663266)	(170, 0.1738824160245885)	(175, 0.17784265244719832)	(180, 0.18164518033970417)	(185, 0.18557037042229088)	(190, 0.18942546782483138)	(195, 0.19278991646704854)	(200, 0.19625950412933502)	(205, 0.20030735640200253)	(210, 0.2054942147254207)	(215, 0.21101401327905825)	(220, 0.2152721435918643)	(225, 0.21861906906406997)	(230, 0.22294729205692226)	(235, 0.22743322357987847)	(240, 0.2307801490520841)										
SRR9617592_R2 - illumina_universal_adapter	(1, 0.12274980593089212)	(2, 0.123801196131585)	(3, 0.1269553667336636)	(4, 0.13948443329192023)	(5, 0.14106151859295954)	(6, 0.14447853674521136)	(7, 0.14579277449607744)	(8, 0.15078687794936854)	(9, 0.15560574970254418)	(10, 0.190021255605224)	(15, 0.25543524925833183)	(20, 0.32198824896219025)	(25, 0.37893855149972044)	(30, 0.42097663635742355)	(35, 0.4511164887772857)	(40, 0.4765426084640415)	(45, 0.4975704124778989)	(50, 0.5158470787999432)	(55, 0.5354029365328306)	(60, 0.557044051497092)	(65, 0.576459723869887)	(70, 0.5992924143949337)	(75, 0.6306588887156043)	(80, 0.6797938574279841)	(85, 0.7641503978635751)	(90, 0.9259067802401727)	(95, 1.2349804529038522)	(100, 1.767421973704731)	(105, 2.6460161949137246)	(110, 3.9697865502660887)	(115, 5.874660269541401)	(120, 8.260509959293676)	(125, 11.09919340848437)	(130, 14.408794528565398)	(135, 17.92641319985351)	(140, 21.39822630473143)	(145, 24.741209063684458)	(150, 27.963877737338198)	(155, 31.038370485374287)	(160, 34.01131646319346)	(165, 36.8500700050642)	(170, 39.55859134740911)	(175, 41.98313219654688)	(180, 44.16736029214629)	(185, 46.169820545215906)	(190, 48.010208998848725)	(195, 49.74808690791399)	(200, 51.348355362878564)	(205, 52.843484797773854)	(210, 54.222242860622465)	(215, 55.50325668114665)	(220, 56.7239732736611)	(225, 57.87727823114112)	(230, 58.911758572772854)	(235, 59.87562053925804)	(240, 60.41778741941532)										
SRR9617592_R2 - polya	(1, 0.10838080652142296)	(2, 0.12038417797933318)	(3, 0.12388881198164273)	(4, 0.12870768373481836)	(5, 0.13159900678672373)	(6, 0.13405225058834044)	(7, 0.1380825796909964)	(8, 0.15551813385248645)	(9, 0.17470600501513125)	(10, 0.20982243771827297)	(15, 0.25054628482511)	(20, 0.2995936376874322)	(25, 0.34145649084501983)	(30, 0.38291631109234187)	(35, 0.42397309842939823)	(40, 0.4651700711265471)	(45, 0.501285324520347)	(50, 0.5422720191773572)	(55, 0.6939876251373379)	(60, 1.0734168253973817)	(65, 1.1359920655086189)	(70, 1.2224513863455955)	(75, 1.3133265460254822)	(80, 1.3942485451388098)	(85, 1.4663388665663173)	(90, 1.5239725727342979)	(95, 1.5761040035186524)	(100, 1.6274293684824759)	(105, 1.6773178335053522)	(110, 1.7272939143782868)	(115, 1.7829650255049738)	(120, 1.8414398438335087)	(125, 1.8904346271857964)	(130, 1.9431618457505437)	(135, 1.9979918447166767)	(140, 2.068382418653064)	(145, 2.165723628067212)	(150, 2.326849176323394)	(155, 2.603452414955675)	(160, 3.059948516926506)	(165, 3.7631182831498946)	(170, 4.7714715782944)	(175, 6.1480392448915575)	(180, 7.7995629721399125)	(185, 9.741375533799566)	(190, 11.863116005137794)	(195, 14.027385210094048)	(200, 16.10438902839279)	(205, 18.105377335181444)	(210, 19.985298060360314)	(215, 21.704093237282997)	(220, 23.285892271055406)	(225, 24.75051386696059)	(230, 26.07160317730119)	(235, 27.188319755797103)	(240, 27.885058518626252)										
SRR9617592_R2 - polyg	(1, 0.00026284755017321653)	(2, 0.001226621900808344)	(3, 0.0013142377508660826)	(4, 0.0015770853010392992)	(5, 0.0018399328512125157)	(6, 0.002190396251443471)	(7, 0.0023656279515589487)	(8, 0.002803707201847643)	(9, 0.003329402302194076)	(10, 0.005362090023533618)	(15, 0.007587532615000184)	(20, 0.00935737278616651)	(25, 0.011407583677517598)	(30, 0.013773211629076545)	(35, 0.016524349320889548)	(40, 0.020396969893441603)	(45, 0.023919127065762706)	(50, 0.029421402449388706)	(55, 0.03781500088492008)	(60, 0.0534106221951976)	(65, 0.08386589167526762)	(70, 0.1233981632213194)	(75, 0.19378873715770678)	(80, 0.20668579028620596)	(85, 0.21620087160247636)	(90, 0.2252778736684581)	(95, 0.23906860846754624)	(100, 0.2560836065487591)	(105, 0.27579717281175037)	(110, 0.29247923066274384)	(115, 0.3070585081123515)	(120, 0.31655606625861044)	(125, 0.32498471103416493)	(130, 0.3338864814000312)	(135, 0.34051023966439625)	(140, 0.3471865674387959)	(145, 0.35360004766302244)	(150, 0.35966306448701796)	(155, 0.36502515451055156)	(160, 0.37033467502405054)	(165, 0.3769233869483925)	(170, 0.38407284031310396)	(175, 0.3917479887781619)	(180, 0.39845936289258477)	(185, 0.4053810150471461)	(190, 0.4119171574614534)	(195, 0.4171565852949063)	(200, 0.4235350191791095)	(205, 0.4306319030337864)	(210, 0.43862246855905224)	(215, 0.4481550730453342)	(220, 0.4580731872718703)	(225, 0.4670275271477712)	(230, 0.47801455474501153)	(235, 0.48840579456185945)	(240, 0.494854321126109)										
